01101000011001010110110001101100
01101111001000000111011101101111
01110010011011000110010001111000
01100011011101100110110001111000
01110110011011000111100001100011
00101100011101100110110001111000
01100011011101100110110001100011
01111000011011000111011001101100
01100011011110000110110001100011
00111011011110000111100001111000
01111000011110000111100001111000
01111000011110000111100001111000
01111000011110000111100001111000
01111000011110000111100001111000
00111011011110001000000000000000
00000000000000000000000000000000
00000000000000000000000000000000
00000000000000000000000000000000
00000000000000000000000000000000
00000000000000000000000000000000
00000000000000000000000000000000
00000000000000000000000000000000
00000000000000000000000000000000
00000000000000000000000000000000
00000000000000000000000000000000
00000000000000000000000000000000
00000000000000000000000000000000
00000000000000000000000000000000
00000000000000000000000000000000
00000000000000000000000000000000
00000000000000000000000000000000
00000000000000000000000111010000